%YAML:1.0
---
Q: !!opencv-matrix
   rows: 4
   cols: 4
   dt: d
   data: [ 1., 0., 0., -397.98410415649414, 0., 1., 0.,
       -306.19404983520508, 0., 0., 0., 638.8324795030419, 0., 0.,
       0.022535861866578518, 0. ]
