<?xml version="1.0"?>
<opencv_storage>
<cameraMatrix1 type_id="opencv-matrix">
  <rows>3</rows>
  <cols>3</cols>
  <dt>d</dt>
  <data>
    1709.6131194606894 0. 498.1909583279479 0. 384.9301313876619
    240.21511511233871 0. 0. 1.</data></cameraMatrix1>
<cameraMatrix2 type_id="opencv-matrix">
  <rows>3</rows>
  <cols>3</cols>
  <dt>d</dt>
  <data>
    1661.3564730994344 0. 518.82927681608044 0. 374.85207750224725
    242.37049166040879 0. 0. 1.</data></cameraMatrix2>
<distCoeffs1 type_id="opencv-matrix">
  <rows>1</rows>
  <cols>5</cols>
  <dt>d</dt>
  <data>
    0.39355723428355832 -2.5349824170212374 -0.0019799378752082758
    0.00015347350062451469 3.8884643904895371</data></distCoeffs1>
<distCoeffs2 type_id="opencv-matrix">
  <rows>1</rows>
  <cols>5</cols>
  <dt>d</dt>
  <data>
    0.46959224760170432 -3.2447214341970279 0.0083894458525293029
    -1.4720730575117223e-05 6.8159366456297166</data></distCoeffs2>
<rotationVectors type_id="opencv-matrix">
  <rows>3</rows>
  <cols>3</cols>
  <dt>d</dt>
  <data>
    0.99318880970762891 0.072181455179697249 -0.091464888343476505
    -0.063680993120108567 0.9936580058001534 0.092674152947296584
    0.097574173769394298 -0.086218356731055795 0.99148659878780832</data></rotationVectors>
<translationVectors type_id="opencv-matrix">
  <rows>3</rows>
  <cols>1</cols>
  <dt>d</dt>
  <data>
    44.700748558305307 -61.323817236233964 -19.140916775934805</data></translationVectors>
</opencv_storage>
