<?xml version="1.0"?>
<opencv_storage>
<cameraMatrix1 type_id="opencv-matrix">
  <rows>3</rows>
  <cols>3</cols>
  <dt>d</dt>
  <data>
    645.7791406119569 0. 412.003171485032 0. 649.67875623205646
    325.09021284545645 0. 0. 1.</data></cameraMatrix1>
<cameraMatrix2 type_id="opencv-matrix">
  <rows>3</rows>
  <cols>3</cols>
  <dt>d</dt>
  <data>
    655.46094636547866 0. 413.15676719906321 0. 658.72328869866305
    314.64029621545893 0. 0. 1.</data></cameraMatrix2>
<distCoeffs1 type_id="opencv-matrix">
  <rows>1</rows>
  <cols>5</cols>
  <dt>d</dt>
  <data>
    0.17622154252180608 -0.2113879429833814 0.0071253571543256787
    0.0036701389755467765 -0.29990618076386416</data></distCoeffs1>
<distCoeffs2 type_id="opencv-matrix">
  <rows>1</rows>
  <cols>5</cols>
  <dt>d</dt>
  <data>
    0.23773834864139384 -0.58128675332206536 0.0078638244413088403
    0.0026702610771027731 0.42218916750931679</data></distCoeffs2>
<rotationVectors type_id="opencv-matrix">
  <rows>3</rows>
  <cols>3</cols>
  <dt>d</dt>
  <data>
    0.99965702685793423 -0.0044560572060746029 0.025806437331246553
    0.0036308700833381953 0.99948335081186102 0.031935062741948968
    -0.025935408922808309 -0.031830410051874737 0.99915673423138984</data></rotationVectors>
<translationVectors type_id="opencv-matrix">
  <rows>3</rows>
  <cols>1</cols>
  <dt>d</dt>
  <data>
    51.656960173256316 0.66722403549973963 9.2308578475441596</data></translationVectors>
</opencv_storage>
