<?xml version="1.0"?>
<opencv_storage>
<cameraMatrix1 type_id="opencv-matrix">
  <rows>3</rows>
  <cols>3</cols>
  <dt>d</dt>
  <data>
    637.73390755388994 0. 409.79884186548594 0. 639.1160275621379
    297.93470251600769 0. 0. 1.</data></cameraMatrix1>
<cameraMatrix2 type_id="opencv-matrix">
  <rows>3</rows>
  <cols>3</cols>
  <dt>d</dt>
  <data>
    637.30938770702267 0. 415.08380369999844 0. 638.54893144394578
    314.50070644578091 0. 0. 1.</data></cameraMatrix2>
<distCoeffs1 type_id="opencv-matrix">
  <rows>1</rows>
  <cols>5</cols>
  <dt>d</dt>
  <data>
    0.056314255974382645 0.72370907393474204 -0.0023250884847749484
    -3.6743259322739874e-05 -2.6899396112616567</data></distCoeffs1>
<distCoeffs2 type_id="opencv-matrix">
  <rows>1</rows>
  <cols>5</cols>
  <dt>d</dt>
  <data>
    0.18733220102885526 -0.40669593859649167 -5.4300858399741904e-05
    0.003104773707195768 0.20457526359238182</data></distCoeffs2>
<rotationVectors type_id="opencv-matrix">
  <rows>3</rows>
  <cols>3</cols>
  <dt>d</dt>
  <data>
    0.99947888775816807 0.00324152186469016 0.032116124636949253
    -0.0035571519757452599 0.99994589147209756 0.0097755203387625625
    -0.032082699317806398 -0.0098846681316493643 0.99943633801278731</data></rotationVectors>
<translationVectors type_id="opencv-matrix">
  <rows>3</rows>
  <cols>1</cols>
  <dt>d</dt>
  <data>
    -44.371819333080666 0.41058436286471656 1.8696067587993652</data></translationVectors>
</opencv_storage>
