%YAML:1.0
---
Q: !!opencv-matrix
   rows: 4
   cols: 4
   dt: d
   data: [ 1., 0., 0., -437.71479415893555, 0., 1., 0.,
       -306.48266983032227, 0., 0., 0., 638.8324795030419, 0., 0.,
       0.022515885554818017, 0. ]
